FSC
93011
118770
186849
117519
118179
105069
179276
100370
134197
76629
149490
185560
144721
196040
154861
225449
136372
172900
146894
157175
167541
90222
147312
115154
146199
127107
97443
72084
149759
161007
101017
105668
168463
199039
160931
93246
148459
83050
77258
141662
47831
108233
154088
122880
155912
77145
117052
87752
158143
152583
161518
153480
130926
104291
115206
120260
78880
162717
105561
109139
125887
101387
136934
104713
167269
87754
129172
123025
106870
156271
141631
105875
109803
123712
149624
125638
122747
81035
130339
44146
154123
79629
107818
77197
89999
134334
120212
157703
135701
172946
105948
177851
127552
103604
86297
132722
184901
90063
141957
106269
162617
73232
40955
83953
182645
210739
136670
80648
139213
122145
130555
145293
123920
131722
121833
100851
26625
98238
135538
62984
156328
102176
119966
74037
107288
127442
133989
166593
148869
76217
169108
154733
119000
96432
123255
133664
102761
124047
116407
129009
184907
131203
134787
108738
117697
95582
110368
133729
148433
142319
117967
162473
241413
157169
86250
192310
133466
194411
169679
108052
182916
86066
115972
162129
160072
88500
152404
134517
175167
187110
132596
174228
115395
130210
112999
184396
150493
93126
138102
176774
119358
169382
137532
118460
159443
114604
156018
95806
153738
116123
100818
167528
104224
172793
177912
107352
102465
189971
134322
139044
130801
157561
156348
156253
137744
90349
74535
145400
90597
151496
129218
130637
192737
174156
121780
195322
148386
104926
105353
77521
161321
68923
173485
78685
146980
135889
119215
110052
168322
122323
124038
160422
109757
168883
122271
137419
121575
173336
118498
159415
173827
134225
100483
155038
186355
119327
117635
109864
159353
129345
197819
93569
117324
148714
126429
196234
110731
88553
99079
149802
122154
134391
141254
130830
132522
126845
138136
99164
114418
121657
102980
117539
113481
28984
154826
113180
93461
125841
83112
74636
141103
114386
172631
106889
144630
158816
189409
164111
179374
116273
105376
133558
172591
113882
198779
39377
122690
128832
122632
144266
174051
55875
67209
127221
11839
126676
189577
179577
83116
147474
145165
168665
106347
146228
139056
151314
133841
105169
198472
167139
104040
104516
163439
132609
109712
169040
127043
97968
64522
162236
119517
94816
163940
98254
138282
128571
149908
90854
183477
153654
180350
152248
129722
139270
172082
75916
119093
141055
145751
174546
115288
166664
109064
131217
203583
87422
112345
114198
136699
86845
107821
97451
109511
164965
98168
95448
96354
137450
154770
100847
108960
102159
96213
209586
86508
134146
163017
147525
130819
122591
41860
146579
172709
172503
134047
132459
65151
154686
122371
74721
105454
117706
242307
146496
110138
154272
116441
154402
104668
155188
169239
105429
160833
55571
147177
53292
161987
97536
79583
117950
162530
128690
123066
132599
150563
143430
73658
129822
149980
114672
94764
131845
66048
125358
130140
130848
134886
186240
161855
132642
138479
71189
130692
179378
141613
115030
97697
105482
132456
96053
108592
143757
125072
146112
139807
141114
111140
155406
101311
188551
90234
85006
106410
129415
75190
134542
116311
137778
115290
118004
121805
133170
157586
117841
109591
53650
120631
179268
124383
109951
68211
187030
140443
112744
154528
134166
83877
173022
124942
139450
41777
75983
109833
177744
168657
82867
149384
140220
67008
142549
167507
102124
91563
165832
122122
122128
118181
145232
197745
102352
94089
155085
181505
208753
137991
50902
97968
108712
117694
124361
101707
95657
85961
100934
152127
149815
94268
138530
174619
89885
142798
98023
145745
123334
79940
202040
116971
108663
75709
45160
150626
161479
69493
192745
129929
109522
148731
58024
166064
121223
79379
139985
190611
92996
186411
42044
146973
135633
120150
134717
168190
150912
169309
156522
155513
92267
124341
149323
145270
117616
113442
120068
147567
79297
97249
106613
127297
149055
166065
140376
30922
159400
147200
111792
142461
109624
153350
163123
150323
86688
102754
79668
199476
81423
222037
132031
138477
162019
131770
123569
163671
113161
158521
143102
104660
65724
132199
154454
107855
129088
70622
166952
130651
96083
168236
92440
130374
156289
105019
129824
102824
78943
86307
115180
162320
164997
117163
88987
144577
91736
163911
124666
129866
137087
110456
228355
126682
161773
146803
125894
128538
94076
114363
117722
74782
152559
116972
86312
106354
95198
137052
139712
38238
128171
161707
139941
127213
73471
156466
130404
129935
123792
191466
131010
122909
60861
86536
87372
122060
104747
86038
118430
135224
129391
120674
115186
213200
166504
134947
132401
70501
203702
97646
160139
39881
128742
118637
145071
156660
126166
127577
152577
140266
116095
176168
139129
133507
141989
159916
152889
65804
60554
119547
173421
157278
107944
108783
94693
81811
162332
107744
99118
165938
99902
118704
100013
101218
165870
171512
143980
119821
96465
68891
134357
118057
93804
135236
117897
139455
114060
18541
112658
125437
104601
104644
123116
136839
110392
99144
91279
120940
106286
96150
51600
135351
158403
111451
182058
133527
96620
79511
149878
81193
179886
38188
89046
53731
128718
103941
127127
232613
168334
122836
125824
114312
151844
102924
107905
137520
171856
134774
180997
85508
68531
58839
174081
151098
72304
80538
155216
145837
66470
66198
188636
109870
120642
112393
134444
144682
141551
141590
83441
64975
138732
125976
166030
114705
165217
85223
195855
156349
126310
190079
125677
84819
102255
170526
112466
154493
105956
115317
79275
177508
207921
102002
93698
55000
91891
132056
24552
172901
143310
88840
126570
112502
88962
90858
105177
120839
103321
167941
84163
153296
63813
146317
148297
122529
121234
154122
89237
159322
160519
86527
110755
97759
78900
85732
184808
59556
122067
130093
138482
115150
142840
112045
116547
111400
125859
160102
145864
105307
101868
126350
116697
116904
119678
78085
146131
92176
139658
158493
119931
96494
188452
94044
94543
102061
102143
145687
107528
81283
143389
100582
80637
139372
119508
117076
128986
107523
183821
182331
121225
128709
122730
164500
59825
110125
125592
107346
136787
106029
96751
123500
56178
63709
101141
76674
62318
154235
93035
106461
184568
167197
80896
166773
108588
115024
164887
113196
120807
116444
119968
85980
131246
118313
174263
179904
105797
101810
138327
191522
174553
107279
136936
46024
123629
149761
95041
108810
139653
68230
104344
206987
58531
72209
86980
156993
149165
163573
137989
116398
124373
144607
84055
194086
148362
156859
107541
144963
123712
161764
98259
141823
142832
119717
46112
142758
85060
110589
115087
123969
228712
214496
139251
84380
86256
135619
129238
156316
114379
106054
149086
87390
187750
83576
147558
146304
141540
101346
143724
147393
125935
181955
154687
178019
153576
188492
155276
152342
154646
104088
168526
103093
110423
104224
134473
78033
155766
143425
117271
162564
131808
144827
145510
173268
204368
109659
152478
194531
107372
131187
153703
132917
114254
102887
79847
112333
85686
175749
114846
147175
182253
171182
94868
68485
95765
198368
132655
98769
180962
126453
142055
36808
97521
109511
199090
105023
160907
143592
128449
124444
154323
110170
91925
86455
44750
106793
119163
81322
97414
158171
169519
210729
149207
121748
143879
122874
71839
108191
145055
125386
166520
90072
111375
142076
57892
67651
73307
137416
144728
138618
130735
126116
93279
76923
133438
112529
129038
78412
96202
151454
126456
153372
184850
99617
141427
160684
81765
187756
181741
132152
54118
123498
97007
137322
158372
130083
125987
156656
103080
106084
151841
125040
171936
193334
98179
88220
82157
167239
82768
121670
97203
130100
131561
151428
109115
76380
146718
51005
98126
54488
140172
74892
147778
184656
143942
116204
102294
138402
114347
145305
165771
142476
123192
84133
78238
126454
133175
155878
125323
69321
136767
147765
150743
149206
101503
39074
163999
135507
177570
157080
126275
57404
169260
145914
89916
105917
81136
43389
172416
72627
69361
93889
89949
193160
45762
152158
88635
66882
73088
177989
104342
121676
177725
121538
119301
56648
96820
113672
103822
138102
149398
114748
59101
145024
131876
170088
79979
90826
102134
110598
102291
74684
51517
42672
147082
100754
27261
98114
145024
187775
67379
133826
138605
63769
93809
124128
94908
171975
74793
83555
99334
120011
84877
136572
83717
188377
150656
104331
120292
109568
119728
132070
110443
186436
150210
95085
125137
129232
58630
128591
56798
96827
86224
168835
171591
75263
102755
99394
105552
120990
74168
92668
124387
183690
173388
137315
143813
122094
117263
121481
152600
136565
105795
158850
125001
104033
86087
57282
123976
111384
124918
116509
187446
118938
91433
115051
136188
132655
150519
118755
126343
77739
164551
102577
156632
92481
153292
141054
135234
81985
104107
119362
18109
107745
95276
94635
159072
37955
127139
191574
122912
75795
93104
184144
142510
151259
175907
177715
131059
125198
132670
67255
131259
103341
124390
116152
128486
168049
173505
91015
122452
122225
139040
84380
84444
134484
127689
95293
125659
137704
219691
111871
114462
112636
181162
89392
135111
91335
82830
185055
92280
108675
153609
151898
191939
147499
112994
124274
80636
124714
125011
107243
142493
147038
110880
66030
13652
89850
86230
92935
151088
126380
162015
164546
59465
114623
78178
139774
124835
114826
106761
102373
84663
187354
87887
170434
141918
114223
106153
149675
110432
101325
137174
196847
179806
68155
78111
77495
164143
126977
105606
106448
100833
100410
101311
71684
85063
123032
132861
195521
114232
139199
60901
173274
111166
131747
107946
78861
129993
137425
97116
208863
150672
92030
192337
114062
84900
129247
190123
51695
108455
159502
120824
100383
81153
131373
170509
142232
68555
124795
217757
124112
146430
97075
162923
80654
129017
122984
149281
90191
120696
59178
162190
146160
94096
117041
141448
111778
105910
96388
183607
110551
168968
156979
120975
72029
87864
154201
169667
110644
126272
116200
150156
95944
112224
182505
165763
103079
143590
132237
162966
78704
88660
171053
55063
173545
137630
52577
133029
125313
134215
56376
102086
163964
123997
166064
89768
141523
126982
184012
148532
145050
121406
156692
153667
193618
144201
131210
122353
103235
82751
99007
151464
158238
158579
99928
133167
134912
179638
62317
85404
162116
170426
79731
86500
122728
134410
70657
108807
132923
161260
91870
129439
128670
126369
149399
170425
164186
154705
51007
65662
137175
127535
96094
104837
141204
207382
83133
128112
106946
107925
122783
130998
142170
75084
86499
141632
129010
127929
59943
165292
68486
90096
164176
112811
168300
121369
156889
172905
147752
123982
107242
53558
86769
173921
101560
166783
157213
89783
115619
66287
148653
127506
70732
116767
154238
123698
94010
173539
136558
111968
127733
123984
102006
118198
124332
156912
163687
106629
113458
122908
142999
113882
44985
157189
139300
188261
127475
114758
122786
107541
155522
154673
107140
133567
166042
119326
124670
87494
135785
131941
163941
158602
93441
166738
139313
96578
116017
174689
130240
137744
167935
165125
82852
107129
66038
70195
178936
112653
106619
75499
117611
126532
173338
129809
174012
177622
128174
136234
96158
104532
152357
95383
110852
117442
117073
85333
48983
124111
139588
139863
127616
115514
146124
151959
130500
139016
131710
187725
61365
149468
143663
153352
149686
157761
74532
37231
128847
130404
151689
134393
131827
120903
76741
86706
96052
164091
115182
187957
156191
173142
113174
161037
100397
149754
106913
87347
176273
154007
109481
161635
129285
146634
102841
126898
125860
156697
101605
117953
118918
115615
147995
150055
160133
125093
125686
51439
74332
99017
159346
152053
102805
126112
114791
103159
107232
105289
147144
188503
135567
140393
61618
42686
123213
99646
112248
142607
158971
120706
123559
127912
182605
91123
60528
107315
138171
154309
150793
62722
135566
192902
159147
44163
148624
91118
105770
74579
178685
101708
92125
123109
172368
152039
103772
144365
133828
143404
100902
115641
122770
181579
134923
146640
117797
102112
100973
147742
193440
131101
144031
81563
147189
108079
154170
145038
98819
134583
109905
116042
124616
127946
165244
127758
105269
71100
170583
96096
123620
134791
104196
92058
114557
146329
37551
152819
88310
135641
101174
103955
118150
136391
80724
92355
156190
56738
73279
178642
89570
100916
139113
105417
163101
151374
122506
196901
129569
75276
172287
183288
48027
176262
117099
179014
113640
100091
121065
142580
157649
114474
182664
153559
62914
132846
143801
98688
98258
65381
128556
162194
161261
96307
130362
128100
177818
122003
90930
138753
104866
151280
150844
124515
219536
154934
130098
176221
150419
165118
74587
82452
99927
119855
72423
144534
143353
133719
187790
167088
131323
92616
112030
137397
169770
59052
86231
104375
110230
80487
171863
84509
124494
102667
119824
78640
154581
141852
146837
141529
202294
163743
116129
129868
154644
167470
107572
109225
108162
117788
107183
127568
168087
55604
125858
151553
120192
150855
114802
161798
149541
118087
101392
118645
102519
135472
141963
114365
137155
57852
135172
139509
135339
116455
121232
146349
173056
163026
62368
101863
156197
164571
130651
130067
123200
83958
28602
144988
116089
113446
98452
130283
75203
152260
157839
206074
116397
111552
134478
105416
132843
120670
95090
142001
183794
102026
108305
58549
78863
65286
106342
168809
117897
137536
141743
110450
181634
148641
190598
116125
136759
98853
126634
172497
142249
133972
46887
187135
149154
149740
55852
124357
111252
171784
86801
77244
99541
123439
177189
167357
139297
156805
139866
77622
82696
98258
165941
106881
96700
150188
83838
152450
115782
190995
121796
117902
125600
84885
152412
183868
102172
53514
160359
93113
97661
124758
137054
71136
129604
99986
148877
90866
130549
153758
168666
140056
136498
92537
136452
169359
167251
193064
126754
143053
202160
143199
118777
141577
121550
171093
141456
101682
111072
120809
93919
162211
133522
128521
83780
77324
119547
93195
89054
124039
133922
94681
107889
149217
145676
36549
165946
63887
127124
84403
140932
153178
110166
137929
120136
58181
122916
143126
135387
158616
107341
151373
192231
116613
156279
148747
185790
96972
59959
94225
130781
150104
120688
160428
109731
142549
130952
161379
144210
82616
163096
120016
89089
98580
113382
120460
135368
141793
119015
100029
157887
87164
151010
159763
58241
130790
127370
160843
115569
100772
131426
158929
119116
145765
124047
110596
58964
76091
105730
66572
81655
148928
153760
80328
85469
177545
170487
126452
112514
173036
104400
177466
74887
186300
144356
107261
150141
92487
155414
104749
101022
97083
92627
217999
156477
145176
140233
140464
108528
123974
120742
112510
152534
90165
187931
126997
112938
141404
134512
150320
180464
85401
120778
152583
117963
135860
70778
115461
87894
73185
106908
93097
137553
27652
103022
102637
147383
153569
127783
144743
111625
162469
84284
162799
149993
122184
154948
70312
149865
126071
134662
158661
178717
103871
148177
180437
54235
176256
118316
104907
157650
123719
79598
101669
128150
149231
144767
125483
149518
72223
179694
145860
74845
188116
154849
107438
141606
97622
159141
137566
101781
120493
159088
121944
163961
115909
60845
138324
186142
80954
103525
104840
115031
146053
97440
162547
122729
138924
94983
135908
115313
121049
112477
218884
154641
141640
153397
144848
117569
100508
168950
212479
138341
160801
149868
111654
79532
137357
85685
176081
128017
94408
134607
138372
141055
87274
85193
146935
160545
150939
80893
89044
138002
98782
139666
165719
146944
125500
141673
184551
99499
118184
125708
122523
138221
134592
144567
107813
19417
203467
168899
80370
80651
115131
92045
155458
84490
113462
89775
102817
132900
77890
146182
69625
153085
120996
215018
69372
93337
123612
103086
72207
162931
140574
169389
104804
104628
178217
121483
183197
62416
78311
155689
109797
138189
192225
121064
133818
147100
139703
109849
84980
138383
129199
135332
97749
173005
94409
122241
93286
103806
143100
145326
131412
131336
149291
88717
162314
104285
89152
104264
159644
142659
103832
143137
140323
137202
151931
161434
139788
77743
103120
122862
115298
105497
123866
84033
98412
112064
196521
110892
90269
120265
104015
71005
117392
115522
141886
134619
194761
126979
101307
103109
89599
135056
150654
148900
184692
155362
155472
123553
98062
96835
151736
94538
121560
87354
147451
140200
54118
107067
136139
143831
136142
107994
151451
160174
109438
182122
91418
62546
121278
133632
140375
112146
127783
158042
137421
137824
155431
106717
103913
143403
181219
132834
135427
79709
122943
102629
116088
97122
112066
108212
181389
100469
87094
165354
147799
140898
125136
99282
104123
142622
129304
108367
121309
156728
152041
184850
185265
164836
213421
108280
136319
155485
136265
164095
181014
140499
108769
72855
162086
112765
134288
152646
121906
126581
101631
157552
119041
40683
130255
164894
83748
145687
171823
119295
127602
156531
116725
103450
89403
95970
151147
108336
173688
82698
95157
101978
153190
149606
92279
138533
89857
110446
201315
114807
163399
170515
172340
91101
137556
194139
93834
79620
184560
128917
107826
193202
197855
135582
177767
142471
106667
159029
75913
123329
111423
102310
119370
125495
157661
113062
179238
131326
189606
120871
49642
198880
142125
140518
121596
164992
84648
105226
191429
83404
129846
125512
151436
102177
93690
95215
87079
124060
95925
139482
111044
108507
176120
95118
74620
88891
128272
109246
116225
37959
128958
85952
82650
126811
135909
154498
113782
80937
179994
79932
173300
125271
151346
139949
85192
130184
80861
133225
146236
191957
143993
86052
189755
79216
162745
129213
88409
101494
166180
105738
135048
139952
144826
151199
49485
171584
183438
179534
136341
153803
160914
142739
162737
113706
121789
168960
107458
73666
88824
105908
110775
125990
153054
118740
125594
126296
92122
184992
47421
92519
154166
89219
138454
127058
92227
165533
133728
109383
120934
167617
87229
188759
125878
116853
150034
91863
154061
183092
44583
122959
167498
129176
105346
86631
63862
107261
96235
102525
77451
106519
154573
113837
120282
76963
128938
84682
146842
110473
117375
80200
87678
120175
149863
113291
178903
62114
108945
110609
90671
125517
119676
165087
152383
119362
137488
114927
155307
78573
122491
91269
83381
156147
115050
141970
112231
142733
156726
70890
63410
125666
33775
199338
152989
127151
113313
95376
119960
126551
145042
133438
126515
130384
118515
107403
62372
122833
176875
72218
69414
188422
94889
127239
122117
105060
91128
125181
79791
173525
70425
106515
146236
80506
72403
111756
114033
152514
142900
231024
76736
122853
175278
165417
116723
162106
125008
185219
91003
96857
86672
148649
112574
97236
115944
108923
110783
169706
106691
129371
121200
83677
145766
107306
148813
105449
81526
123998
153362
189921
139084
136920
124891
151075
99358
150168
132560
176676
187958
104737
133218
197034
96574
122152
123861
72072
89938
126461
173840
136882
168411
163528
140514
111993
70552
132513
139339
68745
97945
134624
100231
123371
152150
170556
181940
141300
122452
109345
82912
74082
164293
162278
50054
132668
180564
86423
94229
136739
180023
69030
104236
119436
174883
138899
116879
117671
175104
75099
118454
134906
94046
112158
120534
152736
98072
70558
137069
139259
142997
120432
182207
83205
149701
97874
132081
66231
108788
171123
139392
73323
131520
107592
125263
107091
117842
114609
113159
168016
98677
138381
128611
110063
139899
94418
128817
111268
139463
135905
151275
101263
125391
158725
121547
107112
76893
108734
112559
169491
85409
137396
87801
42763
127522
91393
92165
138874
164545
119243
142326
144439
100214
106421
135928
91900
135277
146008
121394
63899
135570
169320
142201
96694
164203
165595
95890
116992
104681
206500
168530
133788
166414
101487
101196
147227
124463
106778
103706
130495
185754
160139
145535
151961
210422
145444
166658
153973
143373
49334
130527
165381
140707
168873
82975
155944
112779
120012
85460
58468
166350
99006
142900
107520
39597
109661
120765
107710
88076
144001
93922
135580
106030
142051
168777
132157
109139
125729
167451
145485
129706
136345
143978
142159
117393
96214
141262
95394
120706
76076
98896
141746
163318
135957
116418
125237
168176
89233
106092
162591
91887
169540
87668
197042
168987
129638
149772
118639
76667
58936
140082
70717
102396
140626
212010
177985
93270
82516
76957
80314
83468
67896
95878
196311
149410
84875
109204
128008
113676
85217
182143
185508
149107
149906
164874
126589
167019
129157
165883
165553
166279
106937
174896
89656
77418
93629
166043
127900
104578
102265
141583
111875
140878
152091
211840
106055
177508
110266
66193
89960
147707
155830
182205
111950
110163
136666
83751
98156
98835
57434
128976
131128
102735
170769
133067
185418
112446
95768
120022
115090
108196
160009
169153
143832
105628
121916
111334
97961
153769
151700
164040
118350
137122
78895
138085
116047
84641
131114
141689
125346
50762
144867
93804
115130
147297
76824
84021
137807
127019
112895
83907
129900
149938
100913
112872
218918
194526
104265
81893
172156
135756
143712
107601
185501
164144
152175
134346
107310
111740
132207
117265
126327
164387
74065
46442
122364
140898
167473
97924
125658
121094
147892
118021
126144
60756
90138
89990
96488
114203
166843
77460
163304
155276
126487
130138
131833
170013
89161
137438
108949
160024
149759
168240
133547
169228
104534
192747
173134
129774
136306
138579
49033
169768
96301
152726
94111
63766
110338
124570
135001
157578
67227
103378
177456
119997
152221
140037
96218
86715
145682
49631
165125
79165
149375
128063
111949
121165
120150
74638
189128
172144
162169
111422
129993
129353
170326
174262
102842
106172
212291
144361
133722
126601
127051
96058
108032
121827
128422
121010
189807
103678
89686
155555
131203
121531
180003
68380
85992
149288
58341
223420
153257
113602
74592
68034
134730
117660
125228
154205
133562
144058
154595
118576
142416
145488
122720
180042
130483
140842
110668
99760
135491
162929
56011
142320
159514
146045
98940
99544
93437
124921
153983
164966
97038
166574
105240
58383
152913
33127
128406
110993
159931
137155
153301
141258
166117
89740
105447
44277
102301
160724
112766
157893
62977
74992
113649
99969
167810
141389
161281
134261
135765
119699
134422
127167
87619
118003
113455
138543
114666
99659
118372
150120
163542
168625
125190
157716
166796
98778
151227
132776
132169
152028
114645
139746
59138
189187
105708
140543
157636
141298
123636
156309
166815
130301
107011
119085
79358
158694
147158
119888
104694
192183
126016
106604
148394
119666
69931
92673
126454
108762
111534
98194
170870
142812
162592
164573
77272
107358
117218
136305
73493
150492
81716
225797
133712
106471
90468
136401
215054
74096
146284
118245
88094
216765
117308
179684
157664
120749
190326
177935
164083
122364
51288
75443
170506
171999
203220
81833
172677
108014
77377
94326
156454
40351
74908
100158
203483
97275
112961
130198
158873
102495
130631
117402
130026
128302
122578
90262
117501
136435
51878
128903
47623
166488
126107
163568
120251
45021
128145
184939
108121
74294
144483
140608
89521
102618
98137
55732
131145
183154
116553
105061
145229
114080
113759
104668
119618
151416
110295
161660
135874
143324
140878
153419
112689
120101
132869
127631
113193
131231
137145
105494
161438
145969
150109
160457
117782
105819
135431
95067
203864
139777
66016
157694
104519
70436
176158
70611
97684
54071
77864
18458
180683
121784
162039
117147
137248
130537
113534
89684
103573
110133
103342
133976
162276
214303
167176
180367
127269
133358
87192
114961
131419
67477
117218
181737
139707
136734
128179
133966
149972
136613
171899
103256
80665
97707
143131
145824
150563
65980
114953
135489
142418
136709
140157
163140
184418
85594
35011
76243
152912
130446
107629
98633
194344
145346
123555
151762
126789
168282
151529
102563
131111
100794
152367
135388
106650
152909
122098
132842
109993
106932
119258
118425
125854
91110
169554
165639
135058
141948
121329
91719
175219
150708
108716
106243
133747
130520
111214
155127
108362
71055
120729
66833
129393
159389
170586
140545
51997
149521
127122
86400
137619
96228
113839
164879
81309
128975
123111
61324
102513
84983
46348
189358
106846
144105
146913
143223
174274
181987
82060
148188
69913
138364
141955
124561
71478
127195
104968
121005
132655
109358
190374
93842
121749
89814
93811
37944
74721
123541
114530
135695
147514
95070
198797
78345
79149
93548
155707
138647
39578
112469
125907
128906
106978
140630
117807
123340
154480
182541
96292
126335
134101
139651
114962
130687
76578
179210
142554
138121
126977
163433
133899
187322
91199
55803
181648
112699
106612
131554
130914
130565
82396
134276
123187
96595
102148
154286
114170
150819
176555
72033
73850
63119
89630
106779
94739
104552
102954
103394
153395
94982
60686
119582
95732
163206
92424
99503
66092
126994
158036
124717
79674
155469
124888
150441
110560
193114
86422
160572
46822
42916
66071
101465
166035
152431
114188
150395
188170
97860
139022
147774
148635
119147
98344
78952
133490
134416
121146
149372
85514
121275
113088
128988
116131
86372
79113
122753
145684
51942
123789
102480
85562
118866
104823
179522
94423
127298
146945
123048
87490
171968
130662
86323
154329
141433
169511
146567
155876
176889
136790
147764
127247
97422
162301
86025
137500
138046
85294
169304
162118
178264
101780
128241
117665
131855
124750
108131
99273
150500
96904
93837
100803
146668
119084
122128
130089
129990
141366
101287
161715
96040
131940
130925
174683
68740
99627
114962
122153
151835
106444
53404
80301
161322
75152
127435
93118
166066
129240
187161
96152
166249
90694
129127
103885
127614
196150
122842
115604
125078
138286
152047
98207
126755
115806
53358
89979
147070
115307
160539
143165
139612
101242
201718
87739
92533
138931
61926
147732
154960
143936
158529
175913
144734
184743
58566
144313
161341
149111
160432
210602
87115
83600
146232
102565
103455
148483
127927
107610
197028
34534
194765
135734
188863
155651
85998
112802
86770
137774
163253
152488
113336
135670
148726
147402
126809
110775
147226
125444
111003
143998
82623
88457
106104
132582
166459
112244
55260
77874
130224
125619
152774
156085
147766
130662
130129
164875
100098
158001
158158
148380
153340
140931
129419
140847
175062
71568
118747
107475
65511
169134
105825
103151
192926
125857
73413
175059
182544
112755
145762
137259
94809
133037
123687
33154
127455
172361
140211
158301
157295
130241
125195
115656
158979
104166
167016
107022
113254
168290
160011
137997
99523
124546
118716
94204
93345
182374
90971
124176
97531
96638
107964
123168
122369
146160
98033
132860
141233
103874
128689
76816
132704
125730
143694
136622
135280
117423
141431
107424
135369
87864
115019
143129
70078
76069
158861
124787
154755
120594
126698
100650
165440
156276
81713
53256
129771
134589
171976
130912
174365
127933
132309
78548
107316
154172
110228
93712
163963
115342
143634
82552
133690
194330
102611
127049
76593
57887
159243
96167
98495
144984
100981
95957
121146
100740
125808
99177
105398
137662
65510
89236
152057
157936
192445
138710
69769
138155
139950
109302
186314
137869
152787
147875
177105
69074
135919
68905
106597
126561
59231
163236
85963
233832
126597
157416
93095
100464
116068
152294
167741
107007
159166
106373
97992
180712
151080
120742
135658
115883
103245
143337
136366
164655
157577
139227
29888
129868
133662
145497
145689
158843
104827
153180
77742
96358
101803
79447
147661
57159
97389
127419
9835
169483
146963
127244
80235
106142
78560
135210
98544
105815
68272
115240
86115
95030
61295
76148
127601
96653
122981
80522
115140
98302
158415
131236
80063
154068
192810
135525
128859
117890
130272
92628
151113
135693
121811
147043
54170
113347
149603
151579
97236
160539
93990
103800
86870
82276
139049
188463
98794
162963
156566
100891
136173
198427
149286
104937
57536
129698
182937
106806
137107
135981
141842
112411
133570
25223
136099
119353
180181
120763
68991
146474
89879
131181
119109
162565
121985
181592
120780
175581
118640
129443
158602
129625
182927
42450
82761
99811
113209
129401
133390
99428
123008
116367
158364
180598
159906
137985
125885
144928
72432
138865
110264
86039
131267
107560
133246
111347
106238
136612
166292
92066
106042
100371
75855
103628
138143
123752
139574
128053
106294
136956
124833
97819
126228
120902
106600
185160
115907
159941
104229
135630
159276
143917
81887
121598
142968
78612
155434
22635
46126
85817
183101
105911
155150
134066
150589
154768
89155
140144
212927
127199
137517
119245
113584
130292
132550
86233
158498
130233
94140
91379
91509
155509
150861
135198
88685
151720
133103
162012
136977
106169
130223
107785
99599
80206
106259
97352
143956
59130
129320
111813
101782
174061
99728
124494
53948
165392
132522
110256
140908
165760
111495
146515
84820
70556
66030
141567
134401
125767
104981
115658
168964
114814
91486
136313
120438
161960
147825
105759
129175
148287
147670
126927
132187
180253
89505
127755
147450
160538
78880
97823
81956
102864
96233
107672
108974
139114
101977
119445
178990
126644
66179
108906
80664
148462
109464
156143
113808
174933
187514
92808
137403
92918
130506
167256
85956
172728
139843
102701
106230
139207
122495
150059
118198
138498
147906
141419
85149
102683
143355
126544
110081
83312
77665
98079
119893
187437
165601
109172
113862
148976
172630
94329
131579
118576
133610
129183
94653
145742
136390
166860
111975
184609
123404
132921
98509
104463
96178
108575
101108
145082
173845
140874
45262
82344
154369
92431
131795
49248
105790
128764
140107
188813
120747
11456
67055
126176
76649
70864
143251
129071
152181
121981
144754
130698
40396
104018
172266
34614
132096
97608
128534
108183
119065
169551
121954
109752
166315
168972
185395
57554
172183
143923
171284
128065
81160
137340
94830
200638
148604
126459
92984
96289
185326
128256
71027
137217
161191
128000
118330
94144
129500
132304
101550
167866
94395
122762
121890
121190
156921
193391
154229
148418
62543
129775
101102
110928
110920
102166
114107
156131
170730
130294
26932
139027
127184
130088
100873
96117
173771
106594
107398
138048
130177
143418
134993
99792
162595
75752
150556
188969
144242
173666
171823
115351
118522
122766
144759
164533
91365
173443
76925
145548
153290
116354
133184
81406
108494
128225
144637
151105
39430
137334
148141
127626
177716
152127
132989
194829
139329
66764
143669
89884
122163
68898
114420
94184
236526
57684
156797
135136
133488
108834
136824
92826
112811
164880
76145
139448
132985
126323
135972
89404
97545
71790
94932
174579
88700
108519
91601
60058
96601
92945
108968
106470
147897
101832
113398
116669
85745
178220
138713
177571
74720
185866
159663
69969
91451
139041
165865
67814
112337
127841
113421
115304
51988
125123
144622
106027
128472
43021
34550
124116
145991
172796
110826
143773
157922
189415
113067
100543
134172
137976
123067
98003
177574
123205
124617
175084
112632
108594
75174
42695
123891
176993
183910
145176
101271
130966
137477
168068
139550
129091
59935
152381
71258
170650
99988
179357
158478
157752
135203
164705
107094
160949
142948
167754
145122
97700
70245
138299
104284
122827
115058
54556
143532
122703
163916
161324
116821
97535
74712
107692
123042
152792
213983
144097
117079
138055
76609
148600
91552
131996
124523
66530
155849
118714
92202
114655
92690
156237
125129
120957
210100
62392
166959
150943
142930
125171
135215
116368
161024
96443
106170
95242
130771
118288
176552
72135
86983
133035
152210
116682
122644
153462
116401
122222
113332
192841
119914
123788
194088
135424
177128
168699
141487
137174
125677
161181
74703
127453
125834
154720
151426
158337
69480
202229
152251
87704
154843
187515
91144
102495
82036
72109
133932
97798
105886
117351
127821
98705
95009
54961
152714
85078
127879
85756
184054
103394
80082
124087
219617
80545
136943
151911
118099
76414
102944
66928
105646
124984
83951
138926
102185
123163
133856
118679
122564
109331
124072
139874
147095
94695
174258
122718
145287
140842
104979
114419
118989
150684
110835
145771
95737
106652
122175
91183
179538
76959
140746
83982
107805
112726
78522
126735
155947
162042
102296
109339
121514
141387
106864
129136
177711
148681
145184
156842
87604
153389
122347
113311
171976
69651
102645
91145
113783
126789
82739
117586
99839
123215
126073
102785
107423
132644
130989
168853
137316
195890
98031
114325
159231
85375
123176
143676
91310
142365
82567
107000
138322
136532
117517
146386
131307
86411
175703
114102
67256
106109
167092
127920
95589
114233
131287
166649
184039
118693
145713
133260
98395
122876
184456
67176
140634
144024
76759
152215
194299
126858
135925
164075
80201
154117
106794
152925
117732
102889
186370
137319
36771
132664
157758
88294
102214
157168
120787
153210
146594
126676
96020
91841
165214
139326
71667
121135
106609
116971
125699
116035
64599
147697
178463
97703
139350
96364
160328
170109
75900
146812
121216
88512
77823
152220
176179
185825
96266
48484
130713
67276
144229
130335
189426
113709
148075
132687
85628
106549
175296
166286
132130
143701
97735
168781
125084
115419
129890
147068
177414
153953
74862
73283
48403
150412
118132
81586
207625
130668
138475
110898
132441
132257
174669
163826
16013
50101
133276
204875
134285
105719
90027
152708
84003
118857
178272
112411
112741
119080
61973
117413
109264
101019
68561
101212
127953
153943
111673
78024
103290
96177
204191
187566
95964
154502
161074
82408
102052
172406
106745
133209
93558
121574
125199
157876
137390
134941
147680
118261
130613
130102
124167
155547
119905
60738
130824
66304
114432
84963
147846
88464
142231
117340
61140
94172
135740
96787
199793
134571
149986
141107
124536
66787
136180
141135
119044
119341
109398
137438
70943
81239
128179
138417
89996
139640
142781
125418
135136
187668
152880
125502
138975
142383
153245
175158
199272
138053
124356
56323
138320
99304
156464
104108
148281
96932
123428
95801
130010
100588
171881
99672
38287
110185
108721
114088
115360
172699
113851
111793
88330
75675
107484
52349
156252
90692
171346
176563
54079
167486
178063
111141
157948
214160
168401
141825
145397
163807
138835
181955
174395
171403
92748
143900
87895
112413
128793
163525
169566
78372
127493
152697
177395
158761
163026
120413
147779
81260
129941
127139
148786
100527
81096
113479
118056
112420
78951
135036
33484
194165
161030
114564
177757
106017
149168
71951
89503
86123
68602
197977
119920
157316
103723
77299
158345
170903
101405
127155
100188
122492
132716
112880
145728
143896
90434
57296
153666
149851
72799
160618
103865
121819
118875
80597
51452
131826
110865
112294
113178
90716
118291
142063
106926
94872
162580
128745
157627
147088
142177
99687
140488
149946
127867
113237
109379
131370
175754
162279
182081
148692
124450
159470
57188
119079
153140
138945
68448
136721
112049
13252
104007
136698
52125
143951
78881
229730
161368
93541
143874
58483
167128
104603
108665
162528
63993
157762
86283
175406
166842
179443
127093
169500
163809
143537
170047
89960
165558
133888
148575
146639
90310
71170
141001
153003
98618
159607
60490
47821
116748
118067
74795
157739
98019
95572
214818
107088
107389
119043
78255
74841
125642
101090
142117
118206
129658
111420
131303
126591
149236
192720
179362
107877
60634
97043
144390
100280
121308
183143
90456
158668
92820
101447
159862
126718
160993
90729
125031
107284
85950
139610
106248
178260
127254
101613
182055
73609
149445
144012
111629
103236
117505
114549
107489
127468
95978
124576
164753
60163
109281
174449
124945
153244
136689
180927
120529
169495
146609
97613
123773
154623
167105
73722
123559
119515
137085
109567
155360
132193
121115
130472
105173
110432
120085
196987
129130
133440
126468
53760
136584
123557
164343
86775
112756
152613
189854
148515
126170
89765
185823
100621
150756
214127
131705
132238
96074
181143
76075
83923
110675
128055
154022
164289
93571
128545
111866
88050
174044
129603
140737
146669
160625
95458
169100
97708
127751
90464
151565
126372
151583
179448
71606
83955
59619
129679
105900
138359
49441
139008
107351
159756
98730
141834
74362
166472
123262
103711
69487
124024
147931
156173
178301
98937
73942
96583
137427
135314
141525
69191
119312
135897
147380
94374
113471
131407
135664
132841
115808
146030
160296
89360
106413
127168
87008
99535
145560
83176
159752
140779
146329
141893
123503
104120
117404
159084
39145
129241
115063
115009
160991
103507
145057
63206
98254
113982
157871
116544
31034
180239
132005
154704
130773
145916
134935
90220
157345
102368
87063
112392
116760
